CIDErTest5: 0.853565
Bleu_4Test5: 0.216792
Bleu_3Test5: 0.320989
Bleu_2Test5: 0.469192
Bleu_1Test5: 0.663151
ROUGE_LTest5: 0.483505
METEORTest5: 0.251550
CIDErTest40: 0.910395
Bleu_4Test40: 0.471211
Bleu_3Test40: 0.602520
Bleu_2Test40: 0.744178
Bleu_1Test40: 0.879526
ROUGE_LTest40: 0.625937
METEORTest40: 0.334958