CIDErTest5: 0.739778
Bleu_4Test5: 0.260369
Bleu_3Test5: 0.362152
Bleu_2Test5: 0.498430
Bleu_1Test5: 0.666460
ROUGE_LTest5: 0.499267
METEORTest5: 0.219475
CIDErTest40: 0.751691
Bleu_4Test40: 0.517362
Bleu_3Test40: 0.633090
Bleu_2Test40: 0.747279
Bleu_1Test40: 0.847813
ROUGE_LTest40: 0.635183
METEORTest40: 0.294161