CIDErTest5: 0.673763
Bleu_4Test5: 0.224236
Bleu_3Test5: 0.320996
Bleu_2Test5: 0.463573
Bleu_1Test5: 0.649884
ROUGE_LTest5: 0.474819
METEORTest5: 0.210341
CIDErTest40: 0.692121
Bleu_4Test40: 0.445905
Bleu_3Test40: 0.566085
Bleu_2Test40: 0.701396
Bleu_1Test40: 0.827564
ROUGE_LTest40: 0.603138
METEORTest40: 0.280395