CIDErTest5: 0.916797
Bleu_4Test5: 0.299451
Bleu_3Test5: 0.404160
Bleu_2Test5: 0.545043
Bleu_1Test5: 0.715920
ROUGE_LTest5: 0.520599
METEORTest5: 0.241835
CIDErTest40: 0.935397
Bleu_4Test40: 0.575313
Bleu_3Test40: 0.686975
Bleu_2Test40: 0.797987
Bleu_1Test40: 0.890114
ROUGE_LTest40: 0.665976
METEORTest40: 0.324971