CIDErTest5: 0.885592
Bleu_4Test5: 0.302213
Bleu_3Test5: 0.410290
Bleu_2Test5: 0.552524
Bleu_1Test5: 0.719762
ROUGE_LTest5: 0.524252
METEORTest5: 0.238253
CIDErTest40: 0.896409
Bleu_4Test40: 0.577828
Bleu_3Test40: 0.690499
Bleu_2Test40: 0.800641
Bleu_1Test40: 0.890353
ROUGE_LTest40: 0.668407
METEORTest40: 0.319844