CIDErTest5: 0.869367
Bleu_4Test5: 0.276770
Bleu_3Test5: 0.383659
Bleu_2Test5: 0.528344
Bleu_1Test5: 0.702284
ROUGE_LTest5: 0.516804
METEORTest5: 0.241943
CIDErTest40: 0.890996
Bleu_4Test40: 0.534248
Bleu_3Test40: 0.652769
Bleu_2Test40: 0.771839
Bleu_1Test40: 0.871362
ROUGE_LTest40: 0.655645
METEORTest40: 0.321620