CIDErTest5: 0.911963
Bleu_4Test5: 0.291343
Bleu_3Test5: 0.390845
Bleu_2Test5: 0.526450
Bleu_1Test5: 0.695095
ROUGE_LTest5: 0.518899
METEORTest5: 0.246653
CIDErTest40: 0.924646
Bleu_4Test40: 0.566794
Bleu_3Test40: 0.678148
Bleu_2Test40: 0.789426
Bleu_1Test40: 0.880481
ROUGE_LTest40: 0.662359
METEORTest40: 0.331265