CIDErTest5: 0.673191
Bleu_4Test5: 0.240859
Bleu_3Test5: 0.349776
Bleu_2Test5: 0.493691
Bleu_1Test5: 0.671112
ROUGE_LTest5: 0.489511
METEORTest5: 0.206928
CIDErTest40: 0.681781
Bleu_4Test40: 0.493215
Bleu_3Test40: 0.627892
Bleu_2Test40: 0.755565
Bleu_1Test40: 0.866271
ROUGE_LTest40: 0.616196
METEORTest40: 0.272974