CIDErTest5: 0.666259
Bleu_4Test5: 0.215890
Bleu_3Test5: 0.323018
Bleu_2Test5: 0.472271
Bleu_1Test5: 0.652412
ROUGE_LTest5: 0.467661
METEORTest5: 0.214080
CIDErTest40: 0.690130
Bleu_4Test40: 0.431795
Bleu_3Test40: 0.563987
Bleu_2Test40: 0.706599
Bleu_1Test40: 0.826699
ROUGE_LTest40: 0.595831
METEORTest40: 0.283921