CIDErTest5: 0.930672
Bleu_4Test5: 0.307960
Bleu_3Test5: 0.406879
Bleu_2Test5: 0.543479
Bleu_1Test5: 0.714969
ROUGE_LTest5: 0.526450
METEORTest5: 0.247922
CIDErTest40: 0.936582
Bleu_4Test40: 0.600670
Bleu_3Test40: 0.710335
Bleu_2Test40: 0.819373
Bleu_1Test40: 0.906619
ROUGE_LTest40: 0.680222
METEORTest40: 0.338842