CIDErTest5: 0.885550
Bleu_4Test5: 0.279863
Bleu_3Test5: 0.382094
Bleu_2Test5: 0.521145
Bleu_1Test5: 0.696828
ROUGE_LTest5: 0.507090
METEORTest5: 0.237219
CIDErTest40: 0.915943
Bleu_4Test40: 0.541542
Bleu_3Test40: 0.654731
Bleu_2Test40: 0.770312
Bleu_1Test40: 0.872177
ROUGE_LTest40: 0.648470
METEORTest40: 0.318214