CIDErTest5: 0.943293
Bleu_4Test5: 0.308663
Bleu_3Test5: 0.407136
Bleu_2Test5: 0.541706
Bleu_1Test5: 0.712919
ROUGE_LTest5: 0.529621
METEORTest5: 0.253591
CIDErTest40: 0.945795
Bleu_4Test40: 0.586680
Bleu_3Test40: 0.693632
Bleu_2Test40: 0.801982
Bleu_1Test40: 0.894793
ROUGE_LTest40: 0.682036
METEORTest40: 0.345926