CIDErTest5: 0.516689
Bleu_4Test5: 0.134304
Bleu_3Test5: 0.212583
Bleu_2Test5: 0.338654
Bleu_1Test5: 0.535061
ROUGE_LTest5: 0.403410
METEORTest5: 0.195050
CIDErTest40: 0.535946
Bleu_4Test40: 0.277856
Bleu_3Test40: 0.391616
Bleu_2Test40: 0.540921
Bleu_1Test40: 0.716364
ROUGE_LTest40: 0.508689
METEORTest40: 0.251724