CIDErTest5: 0.709254
Bleu_4Test5: 0.246442
Bleu_3Test5: 0.338987
Bleu_2Test5: 0.472460
Bleu_1Test5: 0.653457
ROUGE_LTest5: 0.482544
METEORTest5: 0.212646
CIDErTest40: 0.715760
Bleu_4Test40: 0.477683
Bleu_3Test40: 0.589249
Bleu_2Test40: 0.713141
Bleu_1Test40: 0.831335
ROUGE_LTest40: 0.616731
METEORTest40: 0.287657