CIDErTest5: 0.850321
Bleu_4Test5: 0.268066
Bleu_3Test5: 0.372282
Bleu_2Test5: 0.514838
Bleu_1Test5: 0.688858
ROUGE_LTest5: 0.513306
METEORTest5: 0.243044
CIDErTest40: 0.878213
Bleu_4Test40: 0.523449
Bleu_3Test40: 0.644353
Bleu_2Test40: 0.767515
Bleu_1Test40: 0.872341
ROUGE_LTest40: 0.650943
METEORTest40: 0.323045