CIDErTest5: 0.832642
Bleu_4Test5: 0.281469
Bleu_3Test5: 0.377197
Bleu_2Test5: 0.510361
Bleu_1Test5: 0.683005
ROUGE_LTest5: 0.505147
METEORTest5: 0.231487
CIDErTest40: 0.855980
Bleu_4Test40: 0.553858
Bleu_3Test40: 0.662848
Bleu_2Test40: 0.775235
Bleu_1Test40: 0.875072
ROUGE_LTest40: 0.653866
METEORTest40: 0.318297